76 60
155 617 34 467 717 423 726 816 150 374 912 573 87 771 615 437 560 86 406 412 571 753 126 980 895 503 124 35 914 918 49 69 224 83 226 941 197 642 756 37 15 357 610 794 819 224 230 378 310 636 480 571 79 606 551 664 799 675 699 713 
282 438 472 506 522 698 136 409 340 892 446 45 940 746 839 758 971 69 826 971 395 306 232 164 602 783 828 401 147 527 113 119 655 585 625 867 973 451 275 2 342 411 739 281 157 577 729 818 336 555 478 422 861 710 586 462 182 104 863 329 
321 666 138 976 941 453 843 914 904 808 606 246 219 344 217 376 922 947 884 948 501 361 59 51 762 336 513 944 440 66 964 761 732 101 426 363 555 268 276 458 76 882 394 295 226 302 361 838 939 935 475 129 295 535 180 747 871 383 381 0 
139 344 761 872 135 186 925 690 145 200 839 221 772 923 206 688 224 257 215 853 191 381 982 176 916 852 924 476 235 304 476 374 338 927 936 473 112 860 854 257 750 692 168 212 304 64 590 529 321 496 381 202 877 53 379 792 905 993 958 139 
987 433 204 14 359 830 177 161 690 30 109 129 412 968 31 717 32 622 936 43 117 6 246 994 59 315 475 965 998 122 794 674 555 998 688 604 518 865 455 898 586 564 26 998 222 58 404 254 370 339 988 177 36 924 861 95 929 335 750 926 
147 234 289 392 922 667 996 439 532 140 336 808 395 363 495 617 111 900 561 171 929 548 348 965 162 208 751 90 233 190 707 380 424 996 772 346 663 457 785 885 597 812 692 992 174 186 298 976 776 859 837 705 97 184 359 259 82 800 349 315 
991 746 385 414 742 847 450 404 994 235 288 280 737 670 963 601 856 260 576 322 810 412 26 907 286 75 856 58 876 895 373 866 641 448 970 382 985 420 476 978 345 454 257 81 123 910 682 669 170 948 991 980 49 707 576 335 783 431 393 658 
325 456 213 966 594 182 347 578 602 513 245 947 967 192 27 89 102 399 449 272 346 129 942 395 837 517 420 619 638 503 967 963 649 179 619 242 361 656 510 654 169 445 600 135 638 318 916 740 717 364 702 754 493 333 839 19 540 259 328 177 
762 294 830 101 163 448 343 215 104 544 869 273 989 468 98 626 476 13 55 884 67 447 637 561 780 475 270 9 424 599 186 877 583 707 978 747 845 10 962 949 554 830 912 233 988 10 549 154 714 605 37 782 742 364 32 212 529 302 221 954 
591 98 830 174 805 497 611 649 507 262 288 752 782 890 985 769 900 223 923 614 518 650 395 260 13 117 472 543 419 693 496 10 481 15 875 285 202 485 625 709 747 603 150 528 492 134 987 82 358 600 696 566 249 781 826 263 898 988 496 6 
371 682 16 852 387 581 828 589 65 142 297 502 745 448 29 236 272 707 318 320 306 704 887 555 174 402 508 762 390 3 769 761 685 475 612 71 56 129 660 812 271 648 314 706 786 33 943 748 740 951 68 45 345 645 601 209 46 799 972 126 
803 430 887 177 595 189 940 341 8 289 844 280 937 157 986 412 190 618 160 931 259 919 666 294 253 957 193 299 756 164 116 558 284 693 425 570 882 364 601 581 654 444 861 280 291 536 693 482 845 543 102 794 461 768 778 714 725 971 703 480 
826 819 728 800 512 152 369 83 207 661 664 551 104 214 831 396 441 213 568 976 756 670 769 216 437 236 620 852 206 13 331 31 832 749 832 33 592 891 808 799 551 471 349 346 376 870 432 507 83 1000 482 839 669 941 746 796 176 55 338 72 
68 359 104 901 108 626 624 700 516 431 188 758 593 227 103 659 96 535 165 870 224 647 709 583 587 144 378 453 199 406 525 268 766 319 859 564 945 482 954 151 604 141 909 196 58 702 855 845 236 19 715 460 356 423 42 633 567 110 85 766 
207 300 33 973 620 892 536 254 64 489 405 668 320 3 554 378 705 98 222 941 808 937 90 163 49 823 796 616 624 571 72 831 561 796 493 871 378 28 125 442 207 220 800 217 224 353 595 929 451 507 560 258 134 340 111 183 163 597 490 477 
858 252 998 418 47 490 289 425 208 104 557 415 324 356 632 548 399 917 167 540 113 727 488 247 66 289 121 920 886 301 396 743 553 83 852 290 573 831 406 781 935 653 886 949 700 207 187 98 814 354 329 928 80 817 865 837 797 986 447 682 
977 533 115 529 617 967 510 189 487 916 661 111 568 546 59 267 444 937 56 257 290 385 875 60 892 740 588 688 725 34 60 702 567 175 921 183 832 430 63 8 35 724 119 294 960 869 561 403 806 307 351 786 382 225 537 274 965 124 652 380 
158 402 772 415 267 382 599 98 503 352 797 228 75 916 522 725 785 774 819 280 80 169 756 463 84 292 427 740 416 769 810 264 171 271 680 438 343 969 227 846 320 23 74 85 630 286 810 104 59 628 384 140 487 139 293 262 432 410 1 538 
178 501 803 39 462 172 478 805 140 395 341 150 108 415 926 738 391 735 842 451 53 916 591 230 55 574 492 177 984 183 405 161 374 898 892 836 69 59 641 900 454 982 740 562 86 665 991 477 90 832 928 143 748 208 63 493 472 246 360 455 
119 455 307 494 353 198 329 112 257 660 12 401 331 442 653 417 107 643 585 197 165 202 30 913 411 93 95 573 29 145 28 149 600 25 643 953 914 662 65 861 322 768 261 343 209 604 761 316 247 345 203 102 547 233 14 648 17 800 221 46 
945 940 195 544 655 838 187 568 190 252 118 202 19 379 545 919 673 996 235 610 30 438 712 268 362 416 916 379 215 827 425 850 456 621 394 801 148 271 368 28 523 486 230 232 555 466 841 919 461 75 528 492 204 240 760 566 656 365 635 872 
883 59 721 28 370 805 830 209 75 888 237 288 64 158 210 619 314 51 537 775 817 65 957 711 996 406 967 651 772 601 212 344 351 624 372 411 118 892 620 194 780 548 172 844 396 73 152 710 124 690 174 631 445 131 342 130 537 308 781 999 
600 684 342 951 307 405 361 425 296 672 309 75 910 172 919 305 245 71 705 59 451 879 690 586 9 31 406 237 30 877 235 630 560 578 580 557 983 631 983 278 302 982 44 211 153 653 206 88 414 911 147 865 480 838 140 489 869 236 416 589 
113 652 218 673 229 488 230 902 119 903 870 111 574 914 13 418 567 219 506 981 821 654 536 300 491 366 479 49 603 896 639 406 237 547 78 466 35 999 57 154 591 617 265 856 531 278 273 788 188 779 458 699 432 684 689 613 741 167 353 33 
753 682 439 990 228 207 145 263 206 893 107 487 510 373 342 731 341 615 518 219 84 666 918 206 40 606 820 781 464 172 504 907 544 943 897 772 149 41 35 45 625 142 223 134 205 565 865 237 871 72 146 955 738 64 160 468 360 670 939 514 
532 442 421 75 384 317 848 224 48 573 960 673 405 182 807 611 748 361 538 308 433 684 262 862 438 422 329 799 783 268 312 314 400 733 390 475 740 928 699 479 500 348 151 905 531 649 205 969 9 743 967 133 427 228 995 865 340 13 353 122 
972 356 437 372 779 517 847 519 444 235 688 944 583 529 538 804 177 744 462 878 176 428 701 603 346 385 158 687 398 201 499 370 247 936 432 26 142 969 235 586 203 923 219 476 451 758 971 319 191 122 887 367 241 587 661 587 972 509 273 59 
400 463 119 648 88 551 674 231 519 909 507 412 521 727 579 662 174 549 981 365 361 557 422 602 834 82 189 495 281 152 555 682 615 674 329 704 916 2 625 124 601 131 227 812 858 806 473 722 44 144 777 405 701 199 698 535 972 577 29 253 
729 274 935 34 639 263 428 554 956 52 368 246 874 595 57 422 400 530 143 134 674 921 540 65 119 928 290 781 504 9 33 923 284 968 957 613 921 74 166 566 817 224 812 691 820 869 112 910 399 255 44 763 866 274 518 675 201 808 456 705 
508 489 627 482 147 274 94 758 38 951 324 856 174 135 546 994 4 348 594 93 603 638 546 159 912 64 834 803 562 289 197 69 469 514 241 306 788 335 63 827 285 387 372 150 213 918 834 217 265 427 0 558 64 546 717 666 300 241 158 553 
530 355 312 689 870 554 995 347 889 58 864 865 135 235 705 348 843 538 255 798 966 255 356 720 492 763 76 482 3 234 34 224 280 347 913 149 901 908 186 479 656 50 33 791 976 738 830 819 276 84 616 932 30 662 341 212 425 417 694 118 
652 419 342 622 766 255 771 356 853 647 525 508 387 559 989 363 987 818 872 953 593 487 574 623 840 916 835 264 332 218 72 674 637 415 295 92 360 756 138 212 93 664 410 480 913 88 843 589 907 404 232 499 582 806 812 421 721 336 375 744 
554 447 417 882 862 403 664 221 849 803 123 942 156 223 422 759 312 955 347 909 359 579 97 941 75 909 361 796 935 736 539 488 182 647 59 735 740 724 646 588 526 770 530 682 683 642 130 995 596 167 593 645 437 690 275 512 288 636 307 222 
61 537 401 935 874 460 359 613 183 4 891 399 464 110 771 147 752 901 832 38 68 425 683 505 805 959 16 93 284 13 5 36 240 406 661 113 557 19 416 740 714 307 139 178 417 910 325 860 501 847 898 259 962 270 764 767 228 470 550 203 
173 245 930 414 652 590 217 899 609 634 638 322 631 467 190 738 67 205 287 568 52 184 517 13 455 280 470 373 440 710 266 613 956 195 717 297 785 935 195 83 258 523 96 579 991 977 6 748 182 294 5 925 168 522 628 313 802 98 687 241 
498 643 544 453 839 261 750 313 886 635 87 143 158 874 722 148 850 728 896 31 712 901 956 881 422 584 193 914 372 570 845 870 904 78 323 742 339 763 745 224 398 522 57 556 395 779 394 245 197 980 276 599 880 923 479 992 196 363 595 568 
623 439 437 526 517 450 267 547 904 703 771 301 224 829 547 620 297 941 555 184 920 521 784 489 443 953 170 639 5 765 206 629 894 334 154 100 474 112 647 377 815 108 368 729 627 915 38 614 545 593 489 154 114 963 333 557 915 503 887 921 
958 783 549 851 807 703 952 281 815 288 658 319 396 717 48 713 631 777 327 867 370 506 20 484 468 354 731 382 547 307 993 505 90 541 355 897 935 997 868 439 285 526 449 371 933 187 775 563 964 792 119 333 297 140 507 765 184 929 146 731 
235 830 926 325 60 972 913 685 968 780 124 943 996 263 314 928 450 88 181 413 880 300 437 867 130 944 631 4 562 467 426 798 296 351 813 357 322 415 732 290 195 856 232 881 809 236 499 258 14 370 362 584 360 799 450 491 432 80 495 995 
548 921 482 534 272 294 581 284 710 313 574 595 859 497 165 668 423 354 926 438 724 978 21 84 776 472 265 899 552 450 893 790 371 64 14 333 358 595 617 758 908 882 352 457 68 208 124 491 562 740 929 977 718 641 751 493 112 15 81 354 
465 664 835 526 728 849 549 86 443 166 534 41 738 577 498 806 785 622 987 36 51 916 12 769 556 453 953 358 468 33 712 624 698 236 149 425 84 699 201 218 555 426 259 983 2 447 478 477 759 464 513 810 69 216 579 315 669 531 673 828 
254 75 451 952 311 290 67 396 679 959 304 924 384 563 906 386 9 383 863 768 848 66 267 607 282 846 923 641 66 595 468 321 360 609 272 672 590 29 758 268 989 61 192 372 314 97 759 13 171 311 471 18 377 738 315 659 584 237 991 650 
833 148 661 883 758 624 554 347 653 1 305 641 753 497 13 66 285 772 79 456 773 550 164 150 288 479 499 562 717 489 902 239 638 563 121 85 186 366 122 529 367 427 170 120 615 183 877 900 645 647 45 417 196 209 257 174 378 757 426 785 
936 328 23 573 581 836 348 457 892 470 986 949 588 846 759 202 719 636 101 53 282 837 161 168 45 418 33 423 865 459 899 801 477 922 63 748 447 412 895 338 882 571 287 159 416 45 361 135 371 152 879 343 989 39 512 33 148 545 147 12 
694 45 813 862 657 877 609 795 979 504 823 550 74 109 710 180 846 70 5 907 223 885 250 211 614 762 936 762 997 773 775 380 508 277 241 855 153 851 649 131 44 472 682 118 271 391 298 116 151 995 714 374 879 964 276 492 725 211 254 411 
674 719 791 181 996 32 35 840 573 685 661 617 847 342 735 117 423 723 925 265 407 638 639 285 601 915 468 15 816 412 426 489 821 907 360 816 629 396 655 201 771 316 818 617 348 242 734 462 656 658 727 62 295 55 38 586 661 506 601 166 
608 717 346 428 624 706 243 943 792 589 144 562 595 962 178 633 895 603 785 550 951 201 612 937 257 650 522 608 846 123 774 143 530 119 571 844 516 505 787 307 784 931 870 378 582 738 701 166 30 176 716 982 377 18 918 324 358 129 932 895 
943 396 37 473 205 609 6 721 113 793 28 587 413 588 655 686 15 355 852 46 221 258 718 599 276 325 613 634 454 235 218 397 631 256 560 836 865 566 247 668 49 966 254 152 553 599 838 568 644 380 304 866 638 21 464 914 346 767 237 491 
1 456 888 632 402 137 158 266 393 95 624 442 60 568 595 613 166 122 871 810 502 866 365 139 887 519 743 924 286 671 414 287 817 992 610 218 128 458 174 211 553 488 654 613 55 939 916 912 60 476 411 563 341 777 392 919 986 135 842 271 
496 946 559 312 627 859 220 445 316 394 656 869 882 309 481 627 247 86 228 308 562 329 561 904 796 953 822 782 87 353 52 273 298 301 585 615 159 805 59 475 889 715 33 460 24 514 86 962 290 4 960 853 334 210 756 129 163 267 911 941 
310 654 214 298 955 799 913 805 294 972 279 182 686 3 333 400 207 109 362 498 114 11 350 138 222 796 958 385 753 559 15 62 212 229 360 857 719 272 661 703 243 631 575 619 634 908 19 841 17 71 338 822 82 688 960 304 173 917 379 926 
165 395 988 377 314 347 234 32 309 585 425 242 215 0 862 849 908 571 690 615 642 718 436 724 406 85 719 269 693 788 195 858 873 182 235 187 220 159 910 219 744 335 462 960 335 13 808 933 584 187 548 225 906 984 949 1 69 357 270 762 
145 155 619 708 338 544 895 248 703 495 467 137 830 929 96 855 942 594 787 525 472 24 440 67 8 79 68 768 436 28 219 271 184 528 980 212 72 564 460 465 749 927 602 578 546 388 122 177 983 600 393 454 624 833 211 322 912 970 89 38 
998 999 1000 872 527 979 83 289 233 233 754 982 851 46 250 396 434 62 573 416 662 656 560 977 489 771 298 90 740 78 128 428 767 128 990 293 797 73 582 29 997 26 702 847 72 642 242 196 704 506 613 56 161 863 32 340 324 20 431 754 
789 559 872 556 377 862 849 174 625 121 894 621 838 285 468 600 927 400 796 321 596 98 377 448 962 99 478 976 810 909 419 599 158 291 154 535 843 693 399 467 504 984 778 341 268 936 941 886 336 427 206 622 525 273 760 176 62 238 151 872 
146 261 470 995 552 624 220 394 7 619 551 511 292 328 853 561 264 483 136 290 910 342 602 125 305 362 301 367 600 143 238 436 404 399 121 646 713 341 730 720 650 280 231 943 608 774 193 562 947 329 852 857 361 144 672 666 506 973 723 796 
806 651 922 209 740 42 545 453 73 274 172 414 554 93 46 853 867 239 104 814 258 647 360 309 791 31 665 296 694 387 91 190 728 703 89 468 746 635 921 509 599 783 923 844 877 969 696 433 898 490 246 846 136 296 154 927 17 819 222 402 
205 3 592 624 707 681 91 142 5 702 651 605 484 574 448 50 232 143 484 130 633 420 976 460 407 821 386 424 639 609 516 535 302 107 158 8 479 940 841 484 641 492 88 815 756 536 866 988 369 39 808 693 149 474 152 556 294 538 981 933 
146 496 467 139 294 315 147 773 254 679 256 585 170 345 400 926 571 956 603 941 685 101 633 834 575 785 390 559 322 60 491 159 246 649 298 230 654 135 2 909 814 950 493 674 985 583 289 555 228 893 495 913 684 127 437 258 602 827 817 925 
577 998 774 823 336 762 53 991 897 746 589 401 695 772 765 369 45 54 925 273 637 419 877 320 237 313 268 839 830 775 763 406 462 226 919 489 988 662 479 575 408 758 666 793 529 430 162 574 174 86 538 811 195 414 821 432 417 88 271 246 
553 724 652 15 641 570 504 628 232 673 202 330 430 558 122 649 989 975 914 162 751 451 664 947 555 484 378 972 263 339 217 816 754 869 521 394 128 24 21 50 697 915 380 817 472 193 466 150 167 379 3 919 520 667 555 74 841 933 736 794 
963 953 610 716 511 130 800 639 846 511 380 542 115 760 49 588 953 205 428 811 274 431 419 794 788 974 558 319 596 293 112 558 936 412 964 446 543 453 775 78 965 154 310 79 915 359 357 557 564 786 57 838 907 476 321 385 139 879 394 736 
862 506 984 797 919 638 242 151 90 17 229 54 171 229 825 776 589 181 23 843 657 80 681 254 247 1 639 386 571 32 812 432 228 486 920 837 123 161 678 213 869 597 959 731 827 783 506 415 654 219 257 311 300 628 565 237 320 894 313 891 
616 125 12 534 611 932 371 734 784 48 637 342 336 595 72 162 67 269 267 722 488 214 32 478 843 287 715 162 871 28 743 486 844 445 710 454 67 80 878 541 820 204 883 155 490 956 7 557 915 274 969 402 488 691 881 20 978 285 182 538 
313 615 23 156 751 734 300 818 504 868 48 13 72 931 859 562 576 866 809 490 830 778 583 8 468 153 28 136 438 902 674 752 516 388 598 957 812 899 774 5 766 822 19 528 443 568 780 18 434 589 199 954 56 782 962 214 935 991 40 372 
892 715 814 97 793 412 54 294 0 518 299 456 30 318 675 473 887 454 181 10 733 380 964 789 161 926 694 786 606 734 849 497 138 662 594 621 764 648 915 764 857 214 911 887 222 585 359 799 38 540 499 462 611 463 941 462 78 634 248 684 
58 96 871 887 448 154 508 212 493 422 666 349 326 266 235 549 851 284 37 580 514 537 41 124 690 672 587 458 306 525 832 54 311 702 941 759 856 448 661 348 561 17 387 887 283 622 125 825 906 163 94 420 390 826 234 79 497 821 537 493 
35 368 547 346 760 488 796 305 626 146 344 877 854 731 454 137 43 579 652 949 432 746 58 822 261 293 591 758 804 818 251 530 876 488 566 635 976 51 631 292 198 975 168 51 395 622 879 438 892 530 387 323 966 135 836 917 118 116 365 923 
935 306 142 810 794 708 135 460 760 766 752 648 740 610 699 134 232 268 263 814 798 340 136 454 475 662 60 594 779 425 206 713 731 348 212 525 746 347 985 505 112 426 152 542 35 542 367 958 810 630 771 297 970 598 441 134 950 502 728 728 
927 624 130 658 662 343 873 408 380 547 603 493 973 446 725 698 988 91 656 487 411 116 784 70 714 916 205 664 417 623 81 343 247 903 691 599 936 563 697 315 800 991 498 772 436 223 470 113 4 816 290 106 932 73 176 336 989 381 690 95 
4 461 439 942 363 820 230 989 73 928 304 873 918 802 335 43 715 495 156 410 310 446 516 932 209 692 958 889 73 647 984 768 799 112 399 161 623 629 841 696 556 144 568 163 636 593 206 41 87 52 451 397 188 967 19 88 348 977 977 421 
314 650 879 112 453 277 964 75 907 804 771 152 638 28 316 965 622 212 5 709 265 456 797 143 112 506 231 460 482 898 572 486 548 450 288 0 418 943 766 14 746 536 166 74 254 172 38 566 385 43 275 340 189 762 173 301 267 405 451 439 
302 22 616 540 163 904 230 271 846 996 285 282 221 451 46 476 314 84 41 699 818 6 729 6 458 902 998 415 306 448 545 299 161 160 529 324 63 450 285 600 445 570 572 357 711 618 833 24 702 564 723 209 261 141 215 719 43 212 825 39 
350 369 338 511 529 558 525 282 7 810 882 142 379 143 499 781 761 21 805 152 276 218 361 537 359 266 946 402 168 770 442 519 138 470 29 357 27 245 640 725 54 211 868 124 355 366 905 806 78 709 649 354 617 9 891 977 276 526 378 134 
296 510 653 124 671 373 172 388 618 812 113 362 713 671 176 758 727 771 254 805 170 903 158 787 912 739 763 878 265 832 12 251 31 355 65 702 418 237 90 35 739 203 88 142 874 955 900 600 726 153 95 896 746 253 682 658 683 135 225 638 
967 928 889 998 974 644 700 391 572 480 117 310 683 205 142 246 159 42 536 575 886 631 470 632 575 152 980 257 978 895 585 944 513 163 631 486 807 330 567 378 810 684 379 182 579 521 118 429 253 345 3 830 976 474 151 240 316 821 187 293 
25
5 56 61 2
4 49 57 3
19 17 40 37
18 54 6 7
4 55 22 3
75 48 1 2
70 44 6 12
3 59 25 1
14 7 49 48
44 22 29 17
54 27 7 30
36 56 12 1
38 13 19 25
29 4 41 38
68 14 2 42
72 17 1 38
67 29 3 14
58 6 16 50
68 29 8 32
24 28 48 28
20 56 16 4
76 6 1 26
19 28 42 29
56 7 15 2
40 54 21 7
